Исходная матрица инцедентности
-1      0      0      0      0      0      0      0      0      1      
0      -1      0      0      0      0      0      0      0      1      
0      0      -1      0      0      0      0      0      0      1      
0      0      0      -1      0      0      0      0      0      1      
1      0      0      0      -1      0      0      0      0      0      
1      0      0      0      0      -1      0      0      0      0      
1      0      0      0      0      0      -1      0      0      0      
1      0      0      0      0      0      0      -1      0      0      
0      1      0      0      0      -1      0      0      0      0      
0      1      0      0      0      0      -1      0      0      0      
0      1      0      0      0      0      0      -1      0      0      
0      0      1      0      0      0      -1      0      0      0      
0      0      1      0      0      0      0      -1      0      0      
0      0      0      1      0      0      0      -1      0      0      
0      0      0      0      1      0      0      0      -1      0      
0      0      0      0      0      1      0      0      -1      0      
0      0      0      0      0      0      1      0      -1      0      
0      0      0      0      0      0      0      1      -1      0      
0      0      0      0      0      0      0      0      1      -1      
Итерация № 1
Полученная матрица C
-1         0         0         0         0         0         0         0         1         
0         -1         0         0         0         0         0         0         1         
0         0         -1         0         0         0         0         0         1         
0         0         0         0         0         0         -1         0         1         
1         0         0         -1         0         0         0         0         0         
1         0         0         0         -1         0         0         0         0         
1         0         0         0         0         -1         0         0         0         
1         0         0         0         0         0         -1         0         0         
0         1         0         0         -1         0         0         0         0         
0         1         0         0         0         -1         0         0         0         
0         1         0         0         0         0         -1         0         0         
0         0         1         0         0         -1         0         0         0         
0         0         1         0         0         0         -1         0         0         
0         0         0         1         0         0         0         -1         0         
0         0         0         0         1         0         0         -1         0         
0         0         0         0         0         1         0         -1         0         
0         0         0         0         0         0         1         -1         0         
0         0         0         0         0         0         0         1         -1         
Поулченная матрица D
1        0        0        0        0        0        0        0        0        0        0        0        0        0        0        0        0        0        0        
0        1        0        0        0        0        0        0        0        0        0        0        0        0        0        0        0        0        0        
0        0        1        0        0        0        0        0        0        0        0        0        0        0        0        0        0        0        0        
0        0        0        1        0        0        0        0        0        0        0        0        0        1        0        0        0        0        0        
0        0        0        0        1        0        0        0        0        0        0        0        0        0        0        0        0        0        0        
0        0        0        0        0        1        0        0        0        0        0        0        0        0        0        0        0        0        0        
0        0        0        0        0        0        1        0        0        0        0        0        0        0        0        0        0        0        0        
0        0        0        0        0        0        0        1        0        0        0        0        0        0        0        0        0        0        0        
0        0        0        0        0        0        0        0        1        0        0        0        0        0        0        0        0        0        0        
0        0        0        0        0        0        0        0        0        1        0        0        0        0        0        0        0        0        0        
0        0        0        0        0        0        0        0        0        0        1        0        0        0        0        0        0        0        0        
0        0        0        0        0        0        0        0        0        0        0        1        0        0        0        0        0        0        0        
0        0        0        0        0        0        0        0        0        0        0        0        1        0        0        0        0        0        0        
0        0        0        0        0        0        0        0        0        0        0        0        0        0        1        0        0        0        0        
0        0        0        0        0        0        0        0        0        0        0        0        0        0        0        1        0        0        0        
0        0        0        0        0        0        0        0        0        0        0        0        0        0        0        0        1        0        0        
0        0        0        0        0        0        0        0        0        0        0        0        0        0        0        0        0        1        0        
0        0        0        0        0        0        0        0        0        0        0        0        0        0        0        0        0        0        1        
Итерация № 2
Полученная матрица C
-1         0         0         0         0         0         0         1         
0         -1         0         0         0         0         0         1         
0         0         -1         0         0         0         0         1         
0         0         0         0         0         -1         0         1         
1         0         0         0         0         0         -1         0         
1         0         0         -1         0         0         0         0         
1         0         0         0         -1         0         0         0         
1         0         0         0         0         -1         0         0         
0         1         0         -1         0         0         0         0         
0         1         0         0         -1         0         0         0         
0         1         0         0         0         -1         0         0         
0         0         1         0         -1         0         0         0         
0         0         1         0         0         -1         0         0         
0         0         0         1         0         0         -1         0         
0         0         0         0         1         0         -1         0         
0         0         0         0         0         1         -1         0         
0         0         0         0         0         0         1         -1         
Поулченная матрица D
1        0        0        0        0        0        0        0        0        0        0        0        0        0        0        0        0        0        0        
0        1        0        0        0        0        0        0        0        0        0        0        0        0        0        0        0        0        0        
0        0        1        0        0        0        0        0        0        0        0        0        0        0        0        0        0        0        0        
0        0        0        1        0        0        0        0        0        0        0        0        0        1        0        0        0        0        0        
0        0        0        0        1        0        0        0        0        0        0        0        0        0        1        0        0        0        0        
0        0        0        0        0        1        0        0        0        0        0        0        0        0        0        0        0        0        0        
0        0        0        0        0        0        1        0        0        0        0        0        0        0        0        0        0        0        0        
0        0        0        0        0        0        0        1        0        0        0        0        0        0        0        0        0        0        0        
0        0        0        0        0        0        0        0        1        0        0        0        0        0        0        0        0        0        0        
0        0        0        0        0        0        0        0        0        1        0        0        0        0        0        0        0        0        0        
0        0        0        0        0        0        0        0        0        0        1        0        0        0        0        0        0        0        0        
0        0        0        0        0        0        0        0        0        0        0        1        0        0        0        0        0        0        0        
0        0        0        0        0        0        0        0        0        0        0        0        1        0        0        0        0        0        0        
0        0        0        0        0        0        0        0        0        0        0        0        0        0        0        1        0        0        0        
0        0        0        0        0        0        0        0        0        0        0        0        0        0        0        0        1        0        0        
0        0        0        0        0        0        0        0        0        0        0        0        0        0        0        0        0        1        0        
0        0        0        0        0        0        0        0        0        0        0        0        0        0        0        0        0        0        1        
Итерация № 3
Полученная матрица C
-1         0         0         0         0         0         1         
0         -1         0         0         0         0         1         
0         0         0         0         -1         0         1         
1         0         0         0         0         -1         0         
1         0         -1         0         0         0         0         
1         0         0         -1         0         0         0         
1         0         0         0         -1         0         0         
0         1         -1         0         0         0         0         
0         1         0         -1         0         0         0         
0         1         0         0         -1         0         0         
0         0         0         -1         0         0         1         
0         0         0         0         -1         0         1         
0         0         1         0         0         -1         0         
0         0         0         1         0         -1         0         
0         0         0         0         1         -1         0         
0         0         0         0         0         1         -1         
Поулченная матрица D
1        0        0        0        0        0        0        0        0        0        0        0        0        0        0        0        0        0        0        
0        1        0        0        0        0        0        0        0        0        0        0        0        0        0        0        0        0        0        
0        0        0        1        0        0        0        0        0        0        0        0        0        1        0        0        0        0        0        
0        0        0        0        1        0        0        0        0        0        0        0        0        0        1        0        0        0        0        
0        0        0        0        0        1        0        0        0        0        0        0        0        0        0        0        0        0        0        
0        0        0        0        0        0        1        0        0        0        0        0        0        0        0        0        0        0        0        
0        0        0        0        0        0        0        1        0        0        0        0        0        0        0        0        0        0        0        
0        0        0        0        0        0        0        0        1        0        0        0        0        0        0        0        0        0        0        
0        0        0        0        0        0        0        0        0        1        0        0        0        0        0        0        0        0        0        
0        0        0        0        0        0        0        0        0        0        1        0        0        0        0        0        0        0        0        
0        0        1        0        0        0        0        0        0        0        0        1        0        0        0        0        0        0        0        
0        0        1        0        0        0        0        0        0        0        0        0        1        0        0        0        0        0        0        
0        0        0        0        0        0        0        0        0        0        0        0        0        0        0        1        0        0        0        
0        0        0        0        0        0        0        0        0        0        0        0        0        0        0        0        1        0        0        
0        0        0        0        0        0        0        0        0        0        0        0        0        0        0        0        0        1        0        
0        0        0        0        0        0        0        0        0        0        0        0        0        0        0        0        0        0        1        
Итерация № 4
Полученная матрица C
-1         0         0         0         0         1         
0         -1         0         0         0         1         
0         0         0         -1         0         1         
1         0         0         0         -1         0         
1         0         0         0         -1         0         
1         0         -1         0         0         0         
1         0         0         -1         0         0         
0         1         0         0         -1         0         
0         1         -1         0         0         0         
0         1         0         -1         0         0         
0         0         -1         0         0         1         
0         0         0         -1         0         1         
0         0         1         0         -1         0         
0         0         0         1         -1         0         
0         0         0         0         1         -1         
Поулченная матрица D
1        0        0        0        0        0        0        0        0        0        0        0        0        0        0        0        0        0        0        
0        1        0        0        0        0        0        0        0        0        0        0        0        0        0        0        0        0        0        
0        0        0        1        0        0        0        0        0        0        0        0        0        1        0        0        0        0        0        
0        0        0        0        1        0        0        0        0        0        0        0        0        0        1        0        0        0        0        
0        0        0        0        0        1        0        0        0        0        0        0        0        0        0        1        0        0        0        
0        0        0        0        0        0        1        0        0        0        0        0        0        0        0        0        0        0        0        
0        0        0        0        0        0        0        1        0        0        0        0        0        0        0        0        0        0        0        
0        0        0        0        0        0        0        0        1        0        0        0        0        0        0        1        0        0        0        
0        0        0        0        0        0        0        0        0        1        0        0        0        0        0        0        0        0        0        
0        0        0        0        0        0        0        0        0        0        1        0        0        0        0        0        0        0        0        
0        0        1        0        0        0        0        0        0        0        0        1        0        0        0        0        0        0        0        
0        0        1        0        0        0        0        0        0        0        0        0        1        0        0        0        0        0        0        
0        0        0        0        0        0        0        0        0        0        0        0        0        0        0        0        1        0        0        
0        0        0        0        0        0        0        0        0        0        0        0        0        0        0        0        0        1        0        
0        0        0        0        0        0        0        0        0        0        0        0        0        0        0        0        0        0        1        
Итерация № 5
Полученная матрица C
-1         0         0         0         1         
0         0         -1         0         1         
1         0         0         -1         0         
1         0         0         -1         0         
1         -1         0         0         0         
1         0         -1         0         0         
0         0         0         -1         1         
0         -1         0         0         0         
0         0         -1         0         1         
0         -1         0         0         1         
0         0         -1         0         1         
0         1         0         -1         0         
0         0         1         -1         0         
0         0         0         1         -1         
Поулченная матрица D
1        0        0        0        0        0        0        0        0        0        0        0        0        0        0        0        0        0        0        
0        0        0        1        0        0        0        0        0        0        0        0        0        1        0        0        0        0        0        
0        0        0        0        1        0        0        0        0        0        0        0        0        0        1        0        0        0        0        
0        0        0        0        0        1        0        0        0        0        0        0        0        0        0        1        0        0        0        
0        0        0        0        0        0        1        0        0        0        0        0        0        0        0        0        0        0        0        
0        0        0        0        0        0        0        1        0        0        0        0        0        0        0        0        0        0        0        
0        1        0        0        0        0        0        0        1        0        0        0        0        0        0        1        0        0        0        
0        0        0        0        0        0        0        0        0        1        0        0        0        0        0        0        0        0        0        
0        1        0        0        0        0        0        0        0        0        1        0        0        0        0        0        0        0        0        
0        0        1        0        0        0        0        0        0        0        0        1        0        0        0        0        0        0        0        
0        0        1        0        0        0        0        0        0        0        0        0        1        0        0        0        0        0        0        
0        0        0        0        0        0        0        0        0        0        0        0        0        0        0        0        1        0        0        
0        0        0        0        0        0        0        0        0        0        0        0        0        0        0        0        0        1        0        
0        0        0        0        0        0        0        0        0        0        0        0        0        0        0        0        0        0        1        
Итерация № 6
Полученная матрица C
-1         0         0         1         
0         -1         0         1         
1         0         -1         0         
1         0         -1         0         
1         0         -1         0         
1         -1         0         0         
0         0         -1         1         
0         0         0         0         
0         -1         0         1         
0         0         -1         1         
0         -1         0         1         
0         1         -1         0         
0         0         1         -1         
Поулченная матрица D
1        0        0        0        0        0        0        0        0        0        0        0        0        0        0        0        0        0        0        
0        0        0        1        0        0        0        0        0        0        0        0        0        1        0        0        0        0        0        
0        0        0        0        1        0        0        0        0        0        0        0        0        0        1        0        0        0        0        
0        0        0        0        0        1        0        0        0        0        0        0        0        0        0        1        0        0        0        
0        0        0        0        0        0        1        0        0        0        0        0        0        0        0        0        1        0        0        
0        0        0        0        0        0        0        1        0        0        0        0        0        0        0        0        0        0        0        
0        1        0        0        0        0        0        0        1        0        0        0        0        0        0        1        0        0        0        
0        0        0        0        0        0        0        0        0        1        0        0        0        0        0        0        0        0        0        
0        1        0        0        0        0        0        0        0        0        1        0        0        0        0        0        0        0        0        
0        0        1        0        0        0        0        0        0        0        0        1        0        0        0        0        1        0        0        
0        0        1        0        0        0        0        0        0        0        0        0        1        0        0        0        0        0        0        
0        0        0        0        0        0        0        0        0        0        0        0        0        0        0        0        0        1        0        
0        0        0        0        0        0        0        0        0        0        0        0        0        0        0        0        0        0        1        
Итерация № 7
Полученная матрица C
-1         0         1         
0         -1         1         
0         -1         0         
0         -1         0         
-1         0         1         
0         -1         1         
0         0         0         
-1         0         1         
0         -1         1         
-1         0         1         
1         -1         0         
0         1         -1         
Поулченная матрица D
0        0        0        1        0        0        0        0        0        0        0        0        0        1        0        0        0        0        0        
1        0        0        0        1        0        0        0        0        0        0        0        0        0        1        0        0        0        0        
0        0        0        0        0        1        0        0        0        0        0        0        0        0        0        1        0        0        0        
0        0        0        0        0        0        1        0        0        0        0        0        0        0        0        0        1        0        0        
1        0        0        0        0        0        0        1        0        0        0        0        0        0        0        0        0        0        0        
0        1        0        0        0        0        0        0        1        0        0        0        0        0        0        1        0        0        0        
0        0        0        0        0        0        0        0        0        1        0        0        0        0        0        0        0        0        0        
0        1        0        0        0        0        0        0        0        0        1        0        0        0        0        0        0        0        0        
0        0        1        0        0        0        0        0        0        0        0        1        0        0        0        0        1        0        0        
0        0        1        0        0        0        0        0        0        0        0        0        1        0        0        0        0        0        0        
0        0        0        0        0        0        0        0        0        0        0        0        0        0        0        0        0        1        0        
0        0        0        0        0        0        0        0        0        0        0        0        0        0        0        0        0        0        1        
Итерация № 8
Полученная матрица C
-1         1         
-1         1         
-1         0         
-1         0         
0         1         
-1         1         
0         0         
0         1         
-1         1         
-1         1         
1         -1         
Поулченная матрица D
0        0        0        1        0        0        0        0        0        0        0        0        0        1        0        0        0        1        0        
1        0        0        0        1        0        0        0        0        0        0        0        0        0        1        0        0        0        0        
0        0        0        0        0        1        0        0        0        0        0        0        0        0        0        1        0        0        0        
0        0        0        0        0        0        1        0        0        0        0        0        0        0        0        0        1        0        0        
1        0        0        0        0        0        0        1        0        0        0        0        0        0        0        0        0        0        0        
0        1        0        0        0        0        0        0        1        0        0        0        0        0        0        1        0        0        0        
0        0        0        0        0        0        0        0        0        1        0        0        0        0        0        0        0        0        0        
0        1        0        0        0        0        0        0        0        0        1        0        0        0        0        0        0        0        0        
0        0        1        0        0        0        0        0        0        0        0        1        0        0        0        0        1        0        0        
0        0        1        0        0        0        0        0        0        0        0        0        1        0        0        0        0        1        0        
0        0        0        0        0        0        0        0        0        0        0        0        0        0        0        0        0        0        1        
Итерация № 9
Полученная матрица C
0         
1         
0         
0         
1         
1         
0         
1         
1         
0         
Поулченная матрица D
0        0        0        1        0        0        0        0        0        0        0        0        0        1        0        0        0        1        1        
1        0        0        0        1        0        0        0        0        0        0        0        0        0        1        0        0        0        0        
0        0        0        0        0        1        0        0        0        0        0        0        0        0        0        1        0        0        0        
0        0        0        0        0        0        1        0        0        0        0        0        0        0        0        0        1        0        0        
1        0        0        0        0        0        0        1        0        0        0        0        0        0        0        0        0        0        0        
0        1        0        0        0        0        0        0        1        0        0        0        0        0        0        1        0        0        0        
0        0        0        0        0        0        0        0        0        1        0        0        0        0        0        0        0        0        0        
0        1        0        0        0        0        0        0        0        0        1        0        0        0        0        0        0        0        0        
0        0        1        0        0        0        0        0        0        0        0        1        0        0        0        0        1        0        0        
0        0        1        0        0        0        0        0        0        0        0        0        1        0        0        0        0        1        1        
Итерация № 14
Полученная матрица C





Поулченная матрица D
0        0        0        1        0        0        0        0        0        0        0        0        0        1        0        0        0        1        1        
0        0        0        0        0        1        0        0        0        0        0        0        0        0        0        1        0        0        0        
0        0        0        0        0        0        1        0        0        0        0        0        0        0        0        0        1        0        0        
0        0        0        0        0        0        0        0        0        1        0        0        0        0        0        0        0        0        0        
0        0        1        0        0        0        0        0        0        0        0        0        1        0        0        0        0        1        1        
Количество инвариантов равно 5
