7 6 0
1
0
1#0
1
1
0,960263013839722;
remake
1
0
1#0
0
1

0
1
0
1#0
0
1

0
1
0
1#0
1
1
-0,141717001795769;
remake
10
0
1#0
0
3

0
1
0
1#0
0
1

0
10
0
1#0
1
1
0,673582017421722;
0
1#0
1
0
0
0
0
1#0
1
0
0
0
0
1#0
1
0
0
0
0
1#0
1
0
0
0
0
1#0
1
0
0
0
0
1#0
1
0
0
0
0
+1

-1









-1

+1













-1

+1









+1

-1





+1



+1



-1











+1

-1









-1

+1

<EOF>
