13 10 0
1
1#0
0
1

0
1
1#0
1
1
0,371931999921799;
remake
1
1#0
0
1

0
1
10#0
1
1
-0,919171988964081;
remake
1
1#0
0
1

0
1
1#0
1
1
0,830388009548187;
remake
1
1#0
0
1

0
1
5#0
1
1
-0,144659996032715;
remake
10
1#0
0
4

0
10
1#0
0
5

0
1
1#0
0
1

0
10
1#0
1
1
0,179916992783546;
0
1
1#0
0
1

0
1#0
1
1
0
1#0
1
1
0
1#0
1
1
0
1#0
1
1
0
1#0
1
1
0
1#0
1
1
0
1#0
1
1
0
1#0
1
1
0
1#0
1
3
0,360000014305115
1#0
1
1
0
-1

+1

















+1

-1





















-1

+1

















+1

-1





















-1

+1

















+1

-1





















-1

+1

















+1

-1





+1



+1











-1











+1



+1



-1



















+1

-1

















-1

+1





















<EOF>
