11 10 0
1
1#0
1
1
0,30757001042366;
remake
1
1#0
0
1

0
1
1#0
0
1

0
1
10#0
1
1
-0,821563005447388;
remake
10
1#0
0
4

0
1
1#0
0
1

0
1
1#0
0
1

0
1
1#0
0
1

0
10
1#0
1
1
0,320298999547958;
0
10
1#0
1
1
0,0931690037250519;
0
10
1#0
1
1
0,148839995265007;
0
1#0
1
1
0
1#0
1
1
0
1#0
1
1
0
1#0
1
1
0
1#0
1
2
0,300000011920929
1#0
1
3
0,5
1#0
1
4
0,870000004768372
1#0
1
1
0
1#0
1
1
0
1#0
1
1
0
+1

-1

















-1

+1





















-1

+1

















+1

-1













+1



+1



-1

-1

-1















+1





-1















+1





-1















+1





-1









-1





+1















-1





+1















-1





+1

<EOF>
