11 10 0
1
1#0
1
1
0,99268901348114;
remake
1
1#0
0
1

0
1
1#0
0
1

0
1
5#0
1
1
-0,780538022518158;
remake
6
1#0
0
4

0
1
1#0
0
1

0
1
1#0
0
1

0
1
1#0
0
1

0
1
1#0
0
1

0
1
1#0
0
1

0
1
1#0
0
1

0
1#0
1
1
0
1#0
1
1
0
1#0
1
1
0
1#0
1
1
0
1#0
1
2
0,419999986886978
1#0
1
3
0,639999985694885
1#0
1
4
1,20000004768372
1#0
1
1
0
1#0
1
1
0
1#0
1
1
0
+1

-1

















-1

+1





















-1

+1

















+1

-1













+1



+1



-1

-1

-1















+1





-1















+1





-1















+1





-1









-1





+1















-1





+1















-1





+1

<EOF>
