18 14
2
1
1
1
1
0
1
1
0
10
8
1
2
1
0
20
22
0
2
2
1
5
1
0
1
1
0
1
1
1
5
1
0
1
15
0
1
1
1
10
0
0
1
0
0
100
0
0
1
5
0
1
15
1
1
1
1
2
1
2
1
2
1
2
1
2
1
2
1
2
1
2
1
3
1
2
1
2
1
1
1
1
-1

+1

























+1

-1

























+1



-1



























+1

-1

























-1

+1





























-1









+1

















+1









-1

















+1







+1



-1

















+1

-1

























-1

+1





















+1







-1



-1























+1

-1

























-1

+1































+1

-10















-1









+1

-1



























+1










-1


















+1

-1

























-1

+1

<EOF>
