24 21
2
1
1
1
1
0
1
1
0
10
8#4
1
2
1
0
20
22#10
0
2
2#0.5
1
5
1
0
1
1
0
1
1
1
5
1
0
1
15#4
0
1
1
1
10
0
0
1
0
0
100
0
0
1
5#2
0
1
15#5
1
1
5#2
0
1
15#5
1
1
5#2
0
1
15#5
1
5
1
0
5
1
5
1
1
1
2
1
2
1
2
1
2
1
2
1
2
1
2
1
2
1
3
1
2
1
2
1
1
1
1
1
1
1
1
1
1
1
1
1
1
1
1
1
1
-1

+1







































+1

-1







































+1



-1









































+1

-1







































-1

+1











































-1









+1































+1









-1































+1







+1



-1































+1

-1







































-1

+1



































+1







-1



-1





















+1















+1

-1







































-1

+1













































+1

-10





























-1









+1

-1









































+1

















-1






-1


















+1

-1







































-1

+1


































-1








+1

-1







































-1

+1


























-1
















+1

-1







































-1

+1











































-1

+2

-5





































+1

-1



<EOF>
