 ans  =
 
    1.  
 
-->exec('C:\Users\olpch\Documents\4 КУРС 2 СЕМЕСТР\НЕЧЕТКАЯ ЛОГИКА\лр8\maxprod.sci', -1)
 
-->exec('C:\Users\olpch\Documents\4 КУРС 2 СЕМЕСТР\НЕЧЕТКАЯ ЛОГИКА\лр8\maxmin.sci', -1)
 
-->R1 = [0.8,0.6,0.1,0.2,0.1; 0.7,0.8,0.2,0.6,0.1; 0.6,0.3,0.7,0.1,0.9; 0.5,0.1,0.4,0.3,0.6];
 
-->R2 = [0.6,0.7,0.7,1.0; 0.7,0.1,0.0,1.0; 0.1,1.0,0.3,0.1; 0.3,0.1,0.1,0.8; 0.4,1.0,0.9,0.2];
 
-->MaxMin = maxmin(R1,R2)
 MaxMin  =
 
    0.6    0.7    0.7    0.8  
    0.7    0.7    0.7    0.8  
    0.6    0.9    0.9    0.6  
    0.5    0.6    0.6    0.5  
 
-->MaxProd = maxprod(R1,R2)
 MaxProd  =
 
    0.48    0.56    0.56    0.8  
    0.56    0.49    0.49    0.8  
    0.36    0.9     0.81    0.6  
    0.3     0.6     0.54    0.5  
 
-->//pchelkina
 
-->diary(0);
